Standard_scaler
785
0.29392856359481811523 1.35079801082611083984
0.34547618031501770020 1.55597424507141113281
0.35923808813095092773 1.58717632293701171875
0.26888096332550048828 1.35483431816101074219
0.34099999070167541504 1.53994822502136230469
0.31461903452873229980 1.44213879108428955078
0.30988094210624694824 1.50946450233459472656
0.27330952882766723633 1.24894726276397705078
1.88704764842987060547 2.98888897895812988281
2.29952383041381835938 3.88388037681579589844
2.16111898422241210938 3.57432222366333007812
2.17592859268188476562 3.61906266212463378906
2.26202392578125000000 3.70543575286865234375
2.20499992370605468750 3.94842767715454101562
2.30280947685241699219 4.01981925964355468750
1.88071429729461669922 3.01406192779541015625
1.85026192665100097656 3.03158926963806152344
2.45173811912536621094 4.10983371734619140625
2.18290472030639648438 3.67128157615661621094
2.30550003051757812500 3.77123093605041503906
2.21533322334289550781 3.73954010009765625000
2.19226193428039550781 3.62416839599609375000
2.33202385902404785156 3.91426086425781250000
1.89907145500183105469 3.03991317749023437500
0.10445237904787063599 0.78780460357666015625
0.12271428853273391724 0.97708183526992797852
0.12623809278011322021 0.94293427467346191406
0.12759523093700408936 0.97638398408889770508
0.34645238518714904785 1.57382667064666748047
0.32373809814453125000 1.52908229827880859375
0.33880952000617980957 1.53153014183044433594
0.32002380490303039551 1.52541458606719970703
0.34788095951080322266 1.62442433834075927734
0.32414284348487854004 1.60518884658813476562
0.40004763007164001465 2.12102961540222167969
0.39088094234466552734 2.77274322509765625000
2.65595245361328125000 5.17420482635498046875
2.72990465164184570312 5.49853229522705078125
2.90090465545654296875 6.66188097000122070312
2.88816666603088378906 7.23832798004150390625
2.90097618103027343750 7.39357233047485351562
2.85949993133544921875 7.28028964996337890625
3.00140476226806640625 7.58334922790527343750
2.93499994277954101562 7.12721824645996093750
2.97626185417175292969 6.99834394454956054688
2.99423813819885253906 7.12184619903564453125
2.78278565406799316406 6.29779481887817382812
2.73638105392456054688 5.67975950241088867188
2.79133343696594238281 5.44647264480590820312
2.68833327293395996094 4.68176794052124023438
2.52683329582214355469 4.55029773712158203125
2.50252389907836914062 4.24539470672607421875
0.14719048142433166504 1.13345503807067871094
0.16173809766769409180 1.23140203952789306641
0.11497619003057479858 0.94017088413238525391
0.14100000262260437012 1.07317173480987548828
0.34154760837554931641 1.49276971817016601562
0.26935714483261108398 1.44136881828308105469
0.25295236706733703613 1.33927035331726074219
0.37292855978012084961 1.65330886840820312500
0.39228570461273193359 1.96103000640869140625
0.37002381682395935059 1.90968608856201171875
0.48921427130699157715 3.65708827972412109375
0.51309525966644287109 5.53292274475097656250
3.02809524536132812500 8.56954383850097656250
3.21242856979370117188 10.76839351654052734375
3.41538095474243164062 13.36101818084716796875
4.07269048690795898438 16.23313713073730468750
4.92726182937622070312 19.54508972167968750000
5.48197603225708007812 22.66478347778320312500
6.22759532928466796875 25.34542083740234375000
6.56614303588867187500 26.69436836242675781250
6.42242860794067382812 26.34848594665527343750
6.23171424865722656250 25.39252090454101562500
5.47938108444213867188 22.80347251892089843750
4.80976200103759765625 20.00400733947753906250
3.90873813629150390625 15.66190719604492187500
3.05550003051757812500 11.30647754669189453125
2.91569042205810546875 8.66348743438720703125
2.72223806381225585938 5.91644191741943359375
0.19200000166893005371 2.79021906852722167969
0.19571428000926971436 1.74586808681488037109
0.12549999356269836426 1.04969286918640136719
0.15561905503273010254 1.17001533508300781250
0.32619047164916992188 1.50205612182617187500
0.31833332777023315430 1.49699020385742187500
0.32890474796295166016 1.59948801994323730469
0.39321428537368774414 1.81295180320739746094
0.29788094758987426758 1.79381537437438964844
0.40845239162445068359 3.88170099258422851562
0.61109524965286254883 6.62401199340820312500
0.94402378797531127930 9.87534236907958984375
3.77747607231140136719 15.09920501708984375000
5.03814268112182617188 20.96300315856933593750
6.40490484237670898438 26.80401992797851562500
8.36238098144531250000 32.89099121093750000000
10.22459506988525390625 38.08639907836914062500
12.48595237731933593750 43.35760116577148437500
14.59542846679687500000 47.33478927612304687500
16.02959442138671875000 50.05422973632812500000
15.75278568267822265625 49.18859100341796875000
14.19204807281494140625 46.38401031494140625000
11.85523796081542968750 41.93731307983398437500
9.23823833465576171875 35.86926269531250000000
6.74692869186401367188 28.09025382995605468750
4.86619043350219726562 21.09599304199218750000
3.86438083648681640625 14.63713073730468750000
2.93285703659057617188 9.75561428070068359375
0.33221429586410522461 5.61045074462890625000
0.18966667354106903076 2.04749655723571777344
0.13090476393699645996 1.31586480140686035156
0.11885714530944824219 0.94255280494689941406
0.30307143926620483398 1.42490434646606445312
0.30519047379493713379 1.45583868026733398438
0.35540476441383361816 1.60111927986145019531
0.30840477347373962402 1.90961444377899169922
0.44078570604324340820 3.77418065071105957031
0.91002380847930908203 8.13051509857177734375
1.52852380275726318359 13.25389194488525390625
2.95364284515380859375 20.64060211181640625000
7.54783344268798828125 29.98798561096191406250
11.40369033813476562500 39.57711791992187500000
16.27204704284667968750 49.91302108764648437500
22.60295295715332031250 60.04892730712890625000
30.22923851013183593750 69.22109985351562500000
38.34102249145507812500 77.11954498291015625000
44.82252502441406250000 82.54586029052734375000
47.99385833740234375000 85.48493957519531250000
46.51037979125976562500 83.90160369873046875000
41.17599868774414062500 79.31317901611328125000
33.39878463745117187500 72.25292968750000000000
25.25061988830566406250 63.29105377197265625000
17.35519027709960937500 51.65083694458007812500
11.29450035095214843750 39.47897720336914062500
7.23883342742919921875 28.56301879882812500000
4.68266677856445312500 19.75410652160644531250
1.06338095664978027344 11.93445110321044921875
0.37954762578010559082 5.53072261810302734375
0.24319048225879669189 2.76454806327819824219
0.13280951976776123047 1.06054592132568359375
0.31471428275108337402 1.50366735458374023438
0.35483333468437194824 1.70159089565277099609
0.34878572821617126465 1.74262642860412597656
0.39883333444595336914 2.81239652633666992188
0.86276191473007202148 8.03799247741699218750
1.85214281082153320312 15.77961254119873046875
3.86066675186157226562 25.18367195129394531250
7.41376209259033203125 35.72358322143554687500
15.41809558868408203125 48.38363647460937500000
23.87007141113281250000 61.06263732910156250000
34.19807052612304687500 73.71463775634765625000
47.14173889160156250000 84.83259582519531250000
61.60068893432617187500 94.38842773437500000000
75.86518859863281250000 101.46717071533203125000
86.97766876220703125000 104.86181640625000000000
92.19550323486328125000 106.68949127197265625000
90.03330993652343750000 105.75243377685546875000
81.13909149169921875000 102.30781555175781250000
66.95302581787109375000 96.64363098144531250000
51.28340530395507812500 87.58161163330078125000
36.47885894775390625000 75.18679809570312500000
23.66569137573242187500 60.77122879028320312500
14.92502403259277343750 46.41729354858398437500
8.96904754638671875000 33.63376998901367187500
2.97961902618408203125 21.96278953552246093750
0.97600001096725463867 11.09133052825927734375
0.30828571319580078125 4.37915945053100585938
0.17392857372760772705 1.25600695610046386719
0.32692858576774597168 1.49337065219879150391
0.37657141685485839844 1.79630327224731445312
0.38630953431129455566 2.31916427612304687500
0.59404760599136352539 6.38601827621459960938
1.66400003433227539062 14.36556816101074218750
3.53861904144287109375 24.32867813110351562500
7.92223787307739257812 36.48956680297851562500
14.45904731750488281250 50.26457214355468750000
26.46407127380371093750 65.24612426757812500000
40.24750137329101562500 78.75380706787109375000
55.62990570068359375000 90.95140838623046875000
73.11775970458984375000 99.54610443115234375000
91.27128601074218750000 105.51439666748046875000
107.85759735107421875000 108.91099548339843750000
119.88559722900390625000 108.71308898925781250000
124.98359680175781250000 110.05644989013671875000
121.76287841796875000000 110.17407989501953125000
112.06521606445312500000 108.54397583007812500000
96.07278442382812500000 107.36194610595703125000
75.86626434326171875000 100.97049713134765625000
55.36216735839843750000 90.90254211425781250000
36.88204574584960937500 76.01615142822265625000
23.26069068908691406250 59.70566558837890625000
13.56569004058837890625 44.75783157348632812500
5.35423803329467773438 30.13488006591796875000
2.03033328056335449219 16.90671730041503906250
0.49983334541320800781 7.37446165084838867188
0.21090476214885711670 2.18946790695190429688
0.30014285445213317871 1.32925271987915039062
0.40238094329833984375 2.17242670059204101562
0.48445236682891845703 4.41013097763061523438
0.98757141828536987305 10.20360660552978515625
2.85616660118103027344 20.97024917602539062500
6.22535705566406250000 33.01290512084960937500
12.94780921936035156250 47.13261032104492187500
21.73959541320800781250 63.04332351684570312500
38.06488037109375000000 78.32765197753906250000
56.29697799682617187500 90.69314575195312500000
75.75440216064453125000 100.21916198730468750000
95.97647857666015625000 105.68124389648437500000
113.29414367675781250000 108.01341247558593750000
126.17140197753906250000 108.79265594482421875000
133.38548278808593750000 108.09798431396484375000
134.96923828125000000000 109.21137237548828125000
132.41159057617187500000 109.25056457519531250000
125.82735443115234375000 108.23663330078125000000
112.79195404052734375000 108.94046020507812500000
93.33754730224609375000 106.45526885986328125000
69.87187957763671875000 98.87016296386718750000
47.76593017578125000000 85.85262298583984375000
29.75614356994628906250 68.48786163330078125000
16.51361846923828125000 51.66311264038085937500
6.62654781341552734375 34.55019378662109375000
2.63078570365905761719 19.98409461975097656250
0.65378570556640625000 8.78322124481201171875
0.21166667342185974121 2.17918372154235839844
0.93633335828781127930 2.25418829917907714844
1.38514280319213867188 4.62813329696655273438
1.54909527301788330078 8.77007961273193359375
2.48635721206665039062 16.17180824279785156250
5.20504760742187500000 27.37127876281738281250
9.75661945343017578125 40.35229873657226562500
18.01526260375976562500 55.58773803710937500000
30.07073783874511718750 72.09540557861328125000
48.81428527832031250000 87.28404998779296875000
70.77876281738281250000 98.65663909912109375000
93.05514526367187500000 106.06224822998046875000
110.80135345458984375000 109.09929656982421875000
121.06302642822265625000 109.58871459960937500000
124.31759643554687500000 109.85458374023437500000
123.55128479003906250000 109.31967926025390625000
122.34411621093750000000 109.66224670410156250000
122.48247528076171875000 109.61911010742187500000
122.08797454833984375000 109.08490753173828125000
116.54795074462890625000 109.84434509277343750000
100.91959381103515625000 108.49338531494140625000
77.78571319580078125000 102.64376068115234375000
53.66254806518554687500 90.53034210205078125000
33.50488281250000000000 73.07067871093750000000
17.80307197570800781250 53.50308990478515625000
6.84914302825927734375 35.33764266967773437500
2.82269048690795898438 20.48374938964843750000
0.73852378129959106445 8.73455333709716796875
0.30702382326126098633 2.29636859893798828125
1.03223812580108642578 2.86942267417907714844
1.27085709571838378906 5.09754085540771484375
1.65359520912170410156 10.27846717834472656250
2.93376183509826660156 18.80768394470214843750
5.90702390670776367188 29.90790176391601562500
10.97447586059570312500 43.06098175048828125000
20.76678657531738281250 59.00777435302734375000
34.98233413696289062500 76.46063995361328125000
57.49618911743164062500 92.41567993164062500000
81.36590576171875000000 102.33554840087890625000
101.95678710937500000000 108.01763153076171875000
112.47780609130859375000 109.22880554199218750000
111.76788330078125000000 108.80071258544921875000
104.90686035156250000000 107.53971099853515625000
99.64826202392578125000 106.04054260253906250000
99.80043029785156250000 106.67939758300781250000
104.60395050048828125000 106.98393249511718750000
111.35073852539062500000 107.52696990966796875000
111.75875854492187500000 108.84743499755859375000
99.90278625488281250000 107.56900024414062500000
77.91883087158203125000 102.13072204589843750000
53.99209594726562500000 90.45014953613281250000
33.45928573608398437500 72.50509643554687500000
17.55826187133789062500 51.85188293457031250000
6.03307151794433593750 31.80575561523437500000
2.22295236587524414062 17.40238571166992187500
0.56873810291290283203 7.25363111495971679688
0.31169047951698303223 2.74302554130554199219
1.04890477657318115234 3.03359556198120117188
1.21580946445465087891 5.17981815338134765625
1.62409520149230957031 10.41904258728027343750
2.90188097953796386719 18.12014007568359375000
5.44378566741943359375 28.86046981811523437500
10.83690452575683593750 42.72655105590820312500
21.55550003051757812500 60.65552902221679687500
37.85861968994140625000 79.30569458007812500000
62.62254714965820312500 95.18380737304687500000
86.50864410400390625000 104.49554443359375000000
102.63887786865234375000 108.30706024169921875000
104.38945007324218750000 108.38896942138671875000
94.24243164062500000000 105.43715667724609375000
83.48062133789062500000 101.59887695312500000000
80.57459259033203125000 100.44160461425781250000
85.22535705566406250000 103.22896575927734375000
94.76590728759765625000 105.17306518554687500000
105.30750274658203125000 107.31570434570312500000
107.24576568603515625000 108.34346008300781250000
95.12109375000000000000 107.07232666015625000000
72.78345489501953125000 100.30786132812500000000
49.83640289306640625000 87.83957672119140625000
30.87714195251464843750 70.21902465820312500000
16.05523872375488281250 49.12451934814453125000
4.78916645050048828125 28.39801406860351562500
1.42166662216186523438 14.14692115783691406250
0.48564285039901733398 6.09664344787597656250
0.28461903333663940430 2.67235755920410156250
1.01090478897094726562 2.60965371131896972656
1.18321430683135986328 4.28407764434814453125
1.55285716056823730469 9.38631153106689453125
2.45276188850402832031 15.77918434143066406250
4.67749977111816406250 26.10124969482421875000
10.60530948638916015625 41.56414794921875000000
22.06966590881347656250 61.43651199340820312500
40.52578735351562500000 81.39939117431640625000
66.83916473388671875000 97.56111145019531250000
89.89721679687500000000 105.62120056152343750000
100.79414367675781250000 108.16720581054687500000
96.01123809814453125000 106.65430450439453125000
82.49968719482421875000 101.80123901367187500000
74.54726409912109375000 97.92537689208984375000
77.67845153808593750000 100.40580749511718750000
86.83478546142578125000 104.49018096923828125000
98.80559539794921875000 105.92996978759765625000
108.70561981201171875000 107.50784301757812500000
106.36271667480468750000 108.20331573486328125000
89.64981079101562500000 105.66038513183593750000
66.07345581054687500000 96.89785766601562500000
44.47492980957031250000 83.42509460449218750000
28.03723716735839843750 67.38149261474609375000
15.21471405029296875000 48.25004959106445312500
4.36211919784545898438 26.88045501708984375000
0.95211905241012573242 10.34582233428955078125
0.44330951571464538574 4.79827880859375000000
0.22871428728103637695 1.61960697174072265625
1.00364291667938232422 2.58768248558044433594
1.18626189231872558594 3.82092308998107910156
1.41309523582458496094 7.46701383590698242188
1.97095239162445068359 13.29860782623291015625
4.12926197052001953125 23.67390060424804687500
10.80426216125488281250 41.80307006835937500000
23.81483268737792968750 63.76138305664062500000
44.42716598510742187500 84.76035308837890625000
71.07666778564453125000 99.93642425537109375000
92.22271728515625000000 106.83425140380859375000
99.72811889648437500000 108.22717285156250000000
92.45590209960937500000 106.08235931396484375000
81.18452453613281250000 101.91075134277343750000
81.19130706787109375000 101.11700439453125000000
90.89097595214843750000 106.38765716552734375000
102.89418792724609375000 108.83016967773437500000
114.37882995605468750000 107.85704040527343750000
118.87068939208984375000 108.71008300781250000000
108.43016815185546875000 108.79447174072265625000
85.43218994140625000000 104.05675506591796875000
60.05761718750000000000 93.08261108398437500000
40.59797668457031250000 80.05345153808593750000
26.68688011169433593750 65.88426208496093750000
15.53495216369628906250 49.58222961425781250000
4.64469051361083984375 28.12304687500000000000
0.75216668844223022461 8.70994663238525390625
0.32011905312538146973 3.77035355567932128906
0.21899999678134918213 1.60143899917602539062
0.99473810195922851562 2.46701741218566894531
1.13904762268066406250 3.24232578277587890625
1.24545240402221679688 5.56108331680297851562
1.78890478610992431641 11.01902675628662109375
4.06871414184570312500 22.75682067871093750000
11.71673774719238281250 44.20088958740234375000
26.64121437072753906250 67.56427001953125000000
48.29557037353515625000 88.34253692626953125000
74.27833557128906250000 101.61510467529296875000
92.85221099853515625000 106.90966033935546875000
98.12767028808593750000 107.88768005371093750000
92.11890411376953125000 106.04791259765625000000
88.04388427734375000000 104.26268768310546875000
97.91211700439453125000 106.26790618896484375000
112.22816467285156250000 110.97734832763671875000
124.99857330322265625000 109.58670806884765625000
130.84806823730468750000 108.00336456298828125000
127.70795440673828125000 109.49864196777343750000
110.08457183837890625000 109.33049011230468750000
82.46399688720703125000 102.52273559570312500000
57.18733215332031250000 91.15372467041015625000
39.65628433227539062500 79.38720703125000000000
27.07695198059082031250 66.41004180908203125000
16.50488090515136718750 51.55855941772460937500
5.42988109588623046875 30.96663284301757812500
0.93914288282394409180 10.22968006134033203125
0.31354761123657226562 3.55984139442443847656
0.28159523010253906250 2.28060746192932128906
1.04583334922790527344 2.57644915580749511719
1.14695239067077636719 3.03209090232849121094
1.19402384757995605469 4.07121515274047851562
1.57854759693145751953 9.02054977416992187500
4.26119041442871093750 23.01132011413574218750
13.29492855072021484375 47.22473907470703125000
29.58152389526367187500 70.57935333251953125000
50.69426345825195312500 89.83488464355468750000
75.01011657714843750000 102.22500610351562500000
90.90373992919921875000 106.53980255126953125000
95.51021575927734375000 107.07716369628906250000
93.75280761718750000000 105.83647918701171875000
98.21640777587890625000 105.54554748535156250000
115.53254699707031250000 108.97818756103515625000
130.36457824707031250000 110.89299011230468750000
139.74433898925781250000 107.50935363769531250000
137.34317016601562500000 107.53168487548828125000
128.76924133300781250000 109.45311737060546875000
108.31285858154296875000 108.74718475341796875000
81.10459899902343750000 101.92449188232421875000
58.08209609985351562500 92.07808685302734375000
41.56711959838867187500 80.99132537841796875000
28.60618972778320312500 67.95332336425781250000
17.38461875915527343750 53.16232681274414062500
5.95283317565917968750 32.59113311767578125000
1.18550002574920654297 11.69266128540039062500
0.29800000786781311035 3.20240807533264160156
0.25771427154541015625 1.46243572235107421875
0.94530951976776123047 2.23895359039306640625
1.25147616863250732422 3.03514075279235839844
1.25180947780609130859 3.59565949440002441406
1.62083327770233154297 9.44578170776367187500
4.67938089370727539062 24.98362350463867187500
15.23411941528320312500 51.32542037963867187500
31.72640419006347656250 73.90659332275390625000
50.92790603637695312500 91.73940277099609375000
72.18764495849609375000 101.85057830810546875000
86.32235717773437500000 105.82593536376953125000
91.70721435546875000000 106.55223846435546875000
94.55383300781250000000 106.49445343017578125000
105.25119018554687500000 107.91479492187500000000
123.48926544189453125000 110.88071441650390625000
135.63842773437500000000 110.60778808593750000000
139.18254089355468750000 108.33543395996093750000
132.14131164550781250000 110.17856597900390625000
122.08047485351562500000 110.51352691650390625000
102.60871124267578125000 108.14826965332031250000
79.98128509521484375000 102.68451690673828125000
60.40223693847656250000 94.33515930175781250000
43.59428405761718750000 83.56399536132812500000
29.64321517944335937500 69.77116394042968750000
17.01878547668457031250 53.29048538208007812500
5.94128561019897460938 33.34835052490234375000
1.36116671562194824219 13.73864078521728515625
0.38378572463989257812 5.18137121200561523438
0.26109522581100463867 1.82521152496337890625
0.98314285278320312500 2.31408071517944335938
1.39759528636932373047 3.32197642326354980469
1.33678567409515380859 4.33485126495361328125
1.89521431922912597656 10.76581192016601562500
5.72483348846435546875 28.36061096191406250000
17.35990524291992187500 54.84205627441406250000
33.27976226806640625000 75.67139434814453125000
49.64702224731445312500 90.70764160156250000000
67.39397430419921875000 99.46670532226562500000
78.95147705078125000000 103.11984252929687500000
84.61095428466796875000 104.52284240722656250000
89.78142547607421875000 105.45478057861328125000
101.30606842041015625000 108.11808013916015625000
115.89878845214843750000 111.14669036865234375000
126.26461791992187500000 110.53988647460937500000
127.73863983154296875000 110.04212951660156250000
121.19140625000000000000 111.38946533203125000000
111.76019287109375000000 109.18239593505859375000
96.40612030029296875000 106.90711212158203125000
79.29212188720703125000 102.96584320068359375000
61.69342803955078125000 95.92356872558593750000
44.28828430175781250000 84.48640441894531250000
29.19604682922363281250 69.59777069091796875000
16.07028579711914062500 51.70447921752929687500
5.48969030380249023438 31.94605827331542968750
1.55514287948608398438 14.92314338684082031250
0.34521427750587463379 5.60331773757934570312
0.20809523761272430420 2.15926933288574218750
1.20204758644104003906 2.85635519027709960938
1.30954766273498535156 3.27577543258666992188
1.33702385425567626953 5.13908052444458007812
2.30133342742919921875 13.29315948486328125000
7.28783321380615234375 33.01773834228515625000
19.17771339416503906250 57.76775741577148437500
34.22157287597656250000 76.18495941162109375000
48.55942916870117187500 88.28444671630859375000
62.31866836547851562500 95.75901794433593750000
71.14102172851562500000 98.92829132080078125000
76.05371093750000000000 101.02269744873046875000
81.64163970947265625000 103.05815124511718750000
90.05292510986328125000 106.03330230712890625000
102.08671569824218750000 108.40478515625000000000
112.87621307373046875000 108.97575378417968750000
115.89314270019531250000 109.58252716064453125000
112.85528564453125000000 108.50111389160156250000
106.01821136474609375000 106.82032775878906250000
94.34630584716796875000 106.03134918212890625000
79.77785491943359375000 103.11066436767578125000
61.64166641235351562500 95.55838012695312500000
43.24935531616210937500 83.18895721435546875000
27.52788162231445312500 66.72432708740234375000
15.00419044494628906250 48.67805862426757812500
5.17535734176635742188 29.72619056701660156250
1.57026195526123046875 15.06460475921630859375
0.36964285373687744141 5.72697019577026367188
0.22461904585361480713 1.88279950618743896484
1.12633335590362548828 2.74550962448120117188
1.30211901664733886719 3.32115888595581054688
1.41071426868438720703 6.07843160629272460938
2.86130952835083007812 16.69951057434082031250
8.72852420806884765625 37.71545791625976562500
21.10442924499511718750 61.08224105834960937500
35.43780899047851562500 78.05438995361328125000
48.61133193969726562500 88.89307403564453125000
60.28542709350585937500 94.62960052490234375000
67.62580871582031250000 97.77258300781250000000
72.89747619628906250000 100.59412384033203125000
77.71044921875000000000 102.67135620117187500000
83.83654785156250000000 104.13750457763671875000
95.37290191650390625000 106.78099822998046875000
106.99611663818359375000 108.52687072753906250000
113.19095611572265625000 109.08148193359375000000
112.52426147460937500000 108.34753417968750000000
106.41559600830078125000 107.97725677490234375000
95.10016632080078125000 107.37774658203125000000
78.96685791015625000000 103.41255187988281250000
59.05104827880859375000 94.21186065673828125000
40.13909530639648437500 80.54651641845703125000
25.06128501892089843750 63.49002456665039062500
13.50833320617675781250 45.56329727172851562500
4.54745244979858398438 28.14420318603515625000
1.43730950355529785156 14.70770359039306640625
0.35569047927856445312 5.15704822540283203125
0.19135713577270507812 1.77049541473388671875
1.11600005626678466797 2.74754977226257324219
1.29949998855590820312 3.43274354934692382812
1.57419049739837646484 7.55246973037719726562
3.27095246315002441406 19.46008110046386718750
9.76069068908691406250 40.66572189331054687500
22.56752395629882812500 63.14895248413085937500
37.54426193237304687500 80.25736236572265625000
51.53992843627929687500 91.16655731201171875000
64.20135498046875000000 97.07739257812500000000
72.86509704589843750000 100.47721862792968750000
79.00195312500000000000 103.25749206542968750000
83.42883300781250000000 104.82734680175781250000
90.45940399169921875000 106.25251007080078125000
101.29683685302734375000 107.76038360595703125000
113.04138183593750000000 109.04434967041015625000
119.07621765136718750000 109.22016143798828125000
117.51654815673828125000 108.58367156982421875000
109.05497741699218750000 108.91197204589843750000
94.31359863281250000000 107.18582916259765625000
74.22314453125000000000 101.30673217773437500000
53.26073837280273437500 90.61557769775390625000
35.28623962402343750000 75.84837341308593750000
21.34235763549804687500 58.33612060546875000000
11.32764244079589843750 40.78183746337890625000
3.64933323860168457031 25.03277587890625000000
1.21566665172576904297 13.36071681976318359375
0.36421427130699157715 5.35409832000732421875
0.17142857611179351807 1.41822803020477294922
1.14578568935394287109 2.79553914070129394531
1.33057141304016113281 3.44708728790283203125
1.57030951976776123047 8.09648990631103515625
3.55061912536621093750 20.92072486877441406250
9.73661899566650390625 40.49711990356445312500
21.64638137817382812500 61.78833770751953125000
37.45750045776367187500 79.88236236572265625000
53.84109497070312500000 93.02915954589843750000
70.45619201660156250000 100.58044433593750000000
82.61866760253906250000 104.38886260986328125000
91.19149780273437500000 106.91013336181640625000
98.40109252929687500000 108.01506805419921875000
106.90740203857421875000 108.90753936767578125000
117.40155029296875000000 109.16110992431640625000
125.82602691650390625000 108.78652954101562500000
127.05861663818359375000 109.32205963134765625000
119.66411590576171875000 109.31862640380859375000
105.58557128906250000000 108.49364471435546875000
85.92488098144531250000 105.01145935058593750000
63.47235870361328125000 96.43165588378906250000
43.26483154296875000000 82.86010742187500000000
27.34121513366699218750 66.68949127197265625000
16.20814323425292968750 49.56807708740234375000
8.82571411132812500000 34.72254943847656250000
2.74914288520812988281 21.76973533630371093750
0.96983331441879272461 11.41907024383544921875
0.27235713601112365723 4.13162374496459960938
0.15047618746757507324 1.11948168277740478516
1.14649999141693115234 2.75236272811889648438
1.26769042015075683594 3.31803894042968750000
1.48309528827667236328 7.24550199508666992188
3.22521424293518066406 18.71183586120605468750
7.97945261001586914062 35.35570526123046875000
17.89209556579589843750 55.66847991943359375000
33.45302200317382812500 75.11643218994140625000
51.57295227050781250000 91.14415740966796875000
71.85694885253906250000 101.40348052978515625000
88.60688018798828125000 106.53107452392578125000
101.68730926513671875000 108.92755889892578125000
112.92221069335937500000 109.32749938964843750000
122.88768768310546875000 108.94483184814453125000
130.95491027832031250000 108.26842498779296875000
133.11695861816406250000 108.00656127929687500000
126.60250091552734375000 108.94002532958984375000
111.94692993164062500000 108.85848236083984375000
91.82659149169921875000 105.44463348388671875000
68.83737945556640625000 98.59590148925781250000
47.91652297973632812500 86.11962127685546875000
30.92088127136230468750 70.53190612792968750000
18.54376220703125000000 53.87118530273437500000
11.18554782867431640625 39.26401901245117187500
6.54442834854125976562 27.54522132873535156250
1.75357139110565185547 16.84670448303222656250
0.65314286947250366211 8.60996723175048828125
0.21088095009326934814 3.32702159881591796875
0.17264285683631896973 1.24537324905395507812
1.17085719108581542969 2.85270285606384277344
1.31569051742553710938 3.28791403770446777344
1.43371427059173583984 6.08580446243286132812
2.44242858886718750000 14.44388675689697265625
5.41402387619018554688 26.88967895507812500000
12.17495250701904296875 44.34201431274414062500
24.44002342224121093750 63.45165252685546875000
40.62430953979492187500 81.64940643310546875000
62.41647720336914062500 96.08828735351562500000
82.09162139892578125000 104.43640899658203125000
99.83419036865234375000 109.36896514892578125000
113.44952392578125000000 110.53895568847656250000
122.91928863525390625000 110.03272247314453125000
126.29149627685546875000 109.54725646972656250000
122.23088073730468750000 109.25397491455078125000
109.18650054931640625000 109.14951324462890625000
89.71656799316406250000 105.33889770507812500000
68.44366455078125000000 96.97718048095703125000
47.71159362792968750000 85.02163696289062500000
31.22954750061035156250 70.16979217529296875000
19.17040443420410156250 54.37199783325195312500
11.54845237731933593750 40.18444824218750000000
7.47897624969482421875 28.71887969970703125000
4.58695220947265625000 19.73937225341796875000
0.93666666746139526367 11.41853427886962890625
0.40454763174057006836 5.40993022918701171875
0.19302381575107574463 2.13715934753417968750
0.17323809862136840820 1.21358752250671386719
1.01185715198516845703 2.36696910858154296875
1.33219051361083984375 3.18956303596496582031
1.33604764938354492188 4.04198837280273437500
1.68807137012481689453 9.17288494110107421875
3.10957145690917968750 17.99755859375000000000
6.23128557205200195312 29.67473220825195312500
13.34888076782226562500 45.84695434570312500000
24.33442878723144531250 63.97257995605468750000
41.41176223754882812500 80.77164459228515625000
60.11792755126953125000 93.55332183837890625000
77.75537872314453125000 102.55068206787109375000
92.64104461669921875000 107.14588165283203125000
100.81130981445312500000 108.78393554687500000000
100.58588409423828125000 108.44808959960937500000
92.72219085693359375000 105.99628448486328125000
77.51478576660156250000 102.05660247802734375000
59.36261749267578125000 93.19400787353515625000
42.50638198852539062500 80.86896514892578125000
27.74761962890625000000 66.28316497802734375000
17.41690444946289062500 52.00814437866210937500
10.72130966186523437500 39.21234893798828125000
6.70992851257324218750 28.09569168090820312500
4.87219047546386718750 19.94138526916503906250
2.88490486145019531250 13.39905548095703125000
0.43878570199012756348 7.20313549041748046875
0.22661904990673065186 3.06931591033935546875
0.15930952131748199463 1.44623816013336181641
0.16252380609512329102 1.13484597206115722656
0.11473809182643890381 0.81786221265792846680
0.16404761373996734619 1.24695408344268798828
0.13942857086658477783 1.96846508979797363281
0.28790476918220520020 4.57434654235839843750
0.74966669082641601562 9.54569149017333984375
1.78030955791473388672 16.85988998413085937500
4.52854776382446289062 26.64985466003417968750
8.53714275360107421875 39.62304687500000000000
17.27895164489746093750 54.73440933227539062500
27.06100082397460937500 67.27241516113281250000
37.66976165771484375000 79.12002563476562500000
46.51240539550781250000 86.55538940429687500000
51.46647644042968750000 89.60184478759765625000
51.28085708618164062500 89.63838195800781250000
46.17616653442382812500 84.71013641357421875000
37.61466598510742187500 78.56121063232421875000
27.14907073974609375000 68.95497131347656250000
20.13566589355468750000 58.04645538330078125000
12.41780948638916015625 46.94974517822265625000
7.75883340835571289062 37.10137176513671875000
4.43273830413818359375 27.19239044189453125000
2.41288089752197265625 19.50418090820312500000
1.43976187705993652344 13.00550460815429687500
0.78173810243606567383 8.63535499572753906250
0.09300000220537185669 3.77371668815612792969
0.03173809498548507690 1.89236760139465332031
0.00497619062662124634 0.54509675502777099609
0.00276190484873950481 0.16267511248588562012
0.12399999797344207764 0.91847336292266845703
0.15054762363433837891 1.10810220241546630859
0.14538095891475677490 1.17717146873474121094
0.20692856609821319580 2.19791245460510253906
0.36488094925880432129 5.36692619323730468750
0.57107144594192504883 9.24763202667236328125
1.55730950832366943359 15.34506416320800781250
3.37690472602844238281 23.54839706420898437500
7.03599977493286132812 33.92330551147460937500
10.93592834472656250000 42.29789733886718750000
14.69530963897705078125 50.55167388916015625000
17.78354835510253906250 55.66912460327148437500
19.29111862182617187500 57.99206924438476562500
19.05900001525878906250 57.61387634277343750000
17.75414276123046875000 53.82046890258789062500
14.79330921173095703125 50.20207977294921875000
11.85364246368408203125 44.85697174072265625000
8.73795223236083984375 38.51443099975585937500
5.68464279174804687500 31.96840667724609375000
3.80952382087707519531 24.66053771972656250000
2.30238103866577148438 18.18754005432128906250
1.31942856311798095703 12.67192840576171875000
0.91042858362197875977 8.27948379516601562500
0.63290476799011230469 5.25487852096557617188
0.03033333271741867065 1.51999473571777343750
0.00999999977648258209 0.84303414821624755859
0.00309523800387978554 0.44388744235038757324
0.00330952391959726810 0.18504951894283294678
0.12978571653366088867 0.92429685592651367188
0.14264285564422607422 1.02540469169616699219
0.10088095068931579590 0.83638030290603637695
0.13457143306732177734 0.99979799985885620117
0.21457143127918243408 2.65433025360107421875
0.35671427845954895020 5.08521127700805664062
0.63369047641754150391 9.51874923706054687500
1.24535715579986572266 14.37405204772949218750
3.63080954551696777344 20.57174682617187500000
4.62840461730957031250 25.06335830688476562500
5.77195215225219726562 29.83494377136230468750
7.19054746627807617188 33.85992813110351562500
7.81616687774658203125 35.47271728515625000000
7.58061885833740234375 34.59048843383789062500
7.04250001907348632812 32.43088531494140625000
6.09978580474853515625 29.10345649719238281250
4.18454742431640625000 26.25055503845214843750
3.18573808670043945312 22.46089363098144531250
2.42216658592224121094 18.42890739440917968750
1.67988097667694091797 14.43909835815429687500
1.05907142162322998047 10.61017608642578125000
0.65514284372329711914 6.67443990707397460938
0.59673810005187988281 4.44965744018554687500
0.51657140254974365234 2.72541093826293945312
0.00466666650027036667 0.35679969191551208496
0.00204761908389627934 0.15288789570331573486
0.00321428570896387100 0.17783527076244354248
0.00214285706169903278 0.10090920329093933105
0.11678571254014968872 0.85746121406555175781
0.11871428787708282471 0.87181514501571655273
0.14230951666831970215 0.96769034862518310547
0.11292856931686401367 0.92369228601455688477
0.12171428650617599487 0.93385624885559082031
0.19778572022914886475 1.56017315387725830078
0.26085713505744934082 2.70795297622680664062
0.37592858076095581055 4.27143192291259765625
1.37426185607910156250 5.53078651428222656250
1.42954766750335693359 6.72570228576660156250
1.69799995422363281250 7.99711990356445312500
1.83190476894378662109 9.54275512695312500000
1.96530950069427490234 10.64315319061279296875
2.12088084220886230469 10.76182174682617187500
2.09114289283752441406 11.85253715515136718750
2.09964275360107421875 11.45887184143066406250
1.36359524726867675781 10.14689445495605468750
1.08090472221374511719 8.43464756011962890625
0.88997620344161987305 6.73186874389648437500
0.57928574085235595703 5.03041648864746093750
0.51392859220504760742 3.90006661415100097656
0.54516667127609252930 2.67850899696350097656
0.47626191377639770508 2.70419836044311523438
0.43397620320320129395 1.84067201614379882812
0.00326190469786524773 0.17225681245326995850
0.00314285722561180592 0.15971173346042633057
0.00266666663810610771 0.12144948542118072510
0.00192857137881219387 0.10032464563846588135
0.00000000000000000000 0.10032464563846588135
